RELATORIO FINAL COM AS ROTA DO GULOSO, RANDOMIZADO E REATIVO COM O TEMPO DE COMPILAÇÃO: 
Resultados Instancia M-n101-k10 em:
====================================================================
   RESULTADOS         Guloso   
====================================================================
ROTAS: 
Rota #1: 1 21 22 23 24 27 29 28 26 25 30 31 35 37 40 39 38 36 32 33 34 53 50 48 44 43 42 41 45 46 47 49 51 52 60 58 56 55 54 57 59 61 69 65 62 73 75 63 67 70 68 66 64 91 90 89 86 85 84 83 87 88 92 99 97 96 95 94 93 98 101 100 3 2 5 4 6 8 9 10 7 12 11 76 14 18 19 20 16 17 15 13 82 79 77 72 71 74 78 80 81 1 
Rota #2: 1 1 
Rota #3: 1 1 
Rota #4: 1 1 
Rota #5: 1 1 
Rota #6: 1 1 
Rota #7: 1 1 
Rota #8: 1 1 
Rota #9: 1 1 
Rota #10: 1 1 
Custo total: 596.876




Resultados Instancia M-n101-k10 em:
====================================================================
   RESULTADOS         Randomizado Alfa -    0.05
====================================================================
ROTAS: 
Rota #1: 1 22 24 26 27 25 30 28 23 21 29 11 10 9 7 5 4 8 2 76 6 12 14 18 20 17 16 15 13 19 35 34 36 38 39 40 33 32 37 31 48 44 42 41 43 45 46 49 51 52 53 50 47 70 69 62 65 67 68 64 63 66 75 73 56 58 60 55 54 57 59 61 81 80 78 74 71 72 77 79 82 83 84 85 86 89 90 88 87 91 92 99 97 96 95 94 93 98 101 100 3 1 
Rota #2: 1 1 
Rota #3: 1 1 
Rota #4: 1 1 
Rota #5: 1 1 
Rota #6: 1 1 
Rota #7: 1 1 
Rota #8: 1 1 
Rota #9: 1 1 
Rota #10: 1 1 
Custo total: 642.173




Resultados Instancia M-n101-k10 em:
====================================================================
   RESULTADOS         Randomizado Alfa -    0.1
====================================================================
ROTAS: 
Rota #1: 1 6 9 4 2 5 11 22 24 26 21 50 53 52 47 49 45 51 41 43 67 63 70 69 66 65 75 73 56 59 60 57 54 61 42 44 48 28 30 25 23 29 35 38 40 39 36 32 46 68 64 62 91 88 85 84 89 87 92 99 97 96 94 93 101 100 95 98 3 76 10 8 12 7 27 14 18 16 17 13 15 20 19 31 37 34 33 58 55 81 80 78 74 71 72 77 79 82 83 86 90 1 
Rota #2: 1 1 
Rota #3: 1 1 
Rota #4: 1 1 
Rota #5: 1 1 
Rota #6: 1 1 
Rota #7: 1 1 
Rota #8: 1 1 
Rota #9: 1 1 
Rota #10: 1 1 
Custo total: 893.009




Resultados Instancia M-n101-k10 em:
====================================================================
   RESULTADOS         Randomizado Alfa -    0.15
====================================================================
ROTAS: 
Rota #1: 1 22 27 26 11 24 25 21 53 51 50 45 46 60 61 43 70 65 73 58 56 55 54 63 69 66 91 88 87 89 86 84 85 99 98 97 101 95 93 94 96 2 6 76 8 23 9 4 3 92 90 68 62 75 64 41 44 48 67 49 33 35 38 37 32 52 30 47 29 12 14 20 19 18 15 16 17 13 10 7 5 31 34 36 40 39 28 42 59 57 81 80 78 74 71 72 77 79 82 83 100 1 
Rota #2: 1 1 
Rota #3: 1 1 
Rota #4: 1 1 
Rota #5: 1 1 
Rota #6: 1 1 
Rota #7: 1 1 
Rota #8: 1 1 
Rota #9: 1 1 
Rota #10: 1 1 
Custo total: 1110.67




