RELATORIO FINAL COM AS ROTA DO GULOSO, RANDOMIZADO E REATIVO COM O TEMPO DE COMPILAÇÃO: 
Resultados Instancia M-n101-k10 em:
====================================================================
   RESULTADOS         Guloso   
====================================================================
ROTAS: 
Rota #1: 1 21 22 23 24 27 29 28 26 25 30 31 35 37 40 39 38 36 32 33 34 53 50 48 44 43 42 41 45 46 47 49 51 52 60 58 56 55 54 57 59 61 69 65 62 73 75 63 67 70 68 66 64 91 90 89 86 85 84 83 87 88 92 99 97 96 95 94 93 98 101 100 3 2 5 4 6 8 9 10 7 12 11 76 14 18 19 20 16 17 15 13 82 79 77 72 71 74 78 80 81 1 
Rota #2: 1 1 
Rota #3: 1 1 
Rota #4: 1 1 
Rota #5: 1 1 
Rota #6: 1 1 
Rota #7: 1 1 
Rota #8: 1 1 
Rota #9: 1 1 
Rota #10: 1 1 
Custo total: 596.876




Resultados Instancia M-n101-k10 em:
====================================================================
   RESULTADOS         Randomizado Alfa -    0.05
====================================================================
ROTAS: 
Rota #1: 1 68 66 64 70 63 62 69 75 65 73 67 44 42 47 45 49 46 43 51 52 41 48 50 25 28 30 29 31 26 23 21 24 27 22 11 9 7 10 5 8 76 2 3 6 12 14 16 17 13 15 20 19 18 35 37 40 39 38 34 33 36 32 53 60 58 56 55 54 57 59 61 81 80 78 74 71 72 77 79 82 83 84 85 86 89 90 88 87 91 92 99 97 96 95 94 93 98 101 100 4 1 
Rota #2: 1 1 
Rota #3: 1 1 
Rota #4: 1 1 
Rota #5: 1 1 
Rota #6: 1 1 
Rota #7: 1 1 
Rota #8: 1 1 
Rota #9: 1 1 
Rota #10: 1 1 
Custo total: 637.67




Resultados Instancia M-n101-k10 em:
====================================================================
   RESULTADOS         Randomizado Alfa -    0.1
====================================================================
ROTAS: 
Rota #1: 1 26 23 21 29 11 7 10 9 12 4 22 27 35 37 30 33 38 36 34 39 51 53 50 49 47 45 41 43 46 48 52 25 31 24 28 44 69 73 63 70 62 65 67 75 42 66 68 64 92 90 87 86 84 83 85 89 91 76 2 3 6 5 8 100 97 98 94 96 95 93 101 99 13 15 17 16 20 19 18 14 40 32 60 58 56 55 54 57 59 61 81 80 78 74 71 72 77 79 82 88 1 
Rota #2: 1 1 
Rota #3: 1 1 
Rota #4: 1 1 
Rota #5: 1 1 
Rota #6: 1 1 
Rota #7: 1 1 
Rota #8: 1 1 
Rota #9: 1 1 
Rota #10: 1 1 
Custo total: 862.571




Resultados Instancia M-n101-k10 em:
====================================================================
   RESULTADOS         Randomizado Alfa -    0.15
====================================================================
ROTAS: 
Rota #1: 1 24 29 27 11 8 12 6 5 2 76 3 9 22 4 14 7 26 28 21 43 42 41 50 52 47 45 60 65 67 62 64 91 90 85 83 86 87 89 95 98 100 96 93 84 88 75 70 69 73 63 46 51 33 34 37 40 38 30 35 39 49 44 68 53 36 25 23 66 56 57 59 55 58 61 54 81 80 79 82 78 77 72 71 74 92 99 97 94 101 10 13 15 17 16 20 19 18 31 32 48 1 
Rota #2: 1 1 
Rota #3: 1 1 
Rota #4: 1 1 
Rota #5: 1 1 
Rota #6: 1 1 
Rota #7: 1 1 
Rota #8: 1 1 
Rota #9: 1 1 
Rota #10: 1 1 
Custo total: 1106




Resultados Instancia M-n101-k10 em:
====================================================================
   RESULTADOS         Randomizado Alfa -    0.3
====================================================================
ROTAS: 
Rota #1: 1 25 45 50 32 38 36 35 33 46 58 65 68 49 48 30 14 5 91 83 84 90 9 11 2 24 10 31 34 23 4 76 7 8 92 89 66 87 73 63 75 88 85 82 69 43 56 60 62 51 52 28 26 22 12 13 19 29 21 70 67 42 61 64 53 59 44 41 27 47 3 6 18 101 98 95 93 97 99 100 17 16 37 40 39 55 57 54 81 74 80 79 78 71 77 72 86 96 94 15 20 1 
Rota #2: 1 1 
Rota #3: 1 1 
Rota #4: 1 1 
Rota #5: 1 1 
Rota #6: 1 1 
Rota #7: 1 1 
Rota #8: 1 1 
Rota #9: 1 1 
Rota #10: 1 1 
Custo total: 1661.21




Resultados Instancia M-n101-k10 em:
====================================================================
   RESULTADOS         Randomizado Alfa -    0.5
====================================================================
ROTAS: 
Rota #1: 1 6 76 92 93 18 40 70 60 57 75 51 66 90 62 43 52 46 53 44 59 33 27 22 64 50 39 12 95 85 88 83 67 23 69 61 68 45 42 37 28 47 32 38 35 30 14 26 2 8 91 82 72 71 73 78 99 4 5 3 97 86 96 9 101 20 10 17 13 11 31 24 25 15 36 49 41 58 34 48 87 7 19 29 89 84 94 100 98 16 21 55 65 81 80 79 77 74 63 56 54 1 
Rota #2: 1 1 
Rota #3: 1 1 
Rota #4: 1 1 
Rota #5: 1 1 
Rota #6: 1 1 
Rota #7: 1 1 
Rota #8: 1 1 
Rota #9: 1 1 
Rota #10: 1 1 
Custo total: 2285.01




