RELATORIO FINAL COM AS ROTA DO GULOSO, RANDOMIZADO E REATIVO COM O TEMPO DE COMPILAÇÃO: 
Resultados Instancia Golden_1 em:
====================================================================
   RESULTADOS         Guloso   
====================================================================
ROTAS: 
Rota #1: 1 3 2 41 40 39 38 37 36 35 34 33 32 31 30 29 28 27 26 25 24 23 22 21 20 19 18 17 1 
Rota #2: 1 11 12 13 14 15 16 10 9 8 7 6 5 4 44 43 42 81 80 79 78 77 76 75 74 73 72 1 
Rota #3: 1 46 47 48 49 50 51 52 53 54 55 56 57 58 59 60 61 62 63 64 65 66 67 68 69 70 71 111 1 
Rota #4: 1 45 85 84 83 82 121 120 119 118 117 116 115 114 113 112 110 109 108 107 106 105 104 103 102 101 100 99 98 97 1 
Rota #5: 1 87 86 88 89 90 91 92 93 94 95 96 136 135 134 133 132 131 130 129 128 127 126 125 124 123 122 161 1 
Rota #6: 1 138 139 140 141 142 143 144 145 146 147 148 149 150 151 152 153 154 155 156 157 158 159 160 200 201 162 163 1 
Rota #7: 1 137 177 176 175 174 173 172 171 170 169 168 167 166 165 164 204 205 206 207 208 209 210 211 212 213 214 215 1 
Rota #8: 1 183 184 185 186 187 188 189 190 191 192 193 194 195 196 197 198 199 239 238 237 236 235 234 233 232 231 230 1 
Rota #9: 1 180 181 182 222 221 220 219 218 217 216 178 179 223 224 225 226 227 228 229 240 241 202 203 1 
Custo total: 6208.67

Solucao valida, todos clientes atendidos!
Custo total da solucao: 6208.67

Tempo decorrido: 1 milisegundos 



Resultados Instancia Golden_1 em:
====================================================================
   RESULTADOS         Guloso Randomizado Alfa    0.05
====================================================================
ROTAS: 
Rota #1: 1 37 2 3 6 5 40 81 44 7 10 12 11 18 19 21 27 22 17 20 26 30 31 25 32 28 33 34 35 38 1 
Rota #2: 1 8 15 53 54 95 136 97 99 139 141 143 104 102 60 57 61 23 65 105 106 145 184 223 224 183 185 146 1 
Rota #3: 1 13 16 24 67 70 69 72 71 110 111 112 109 147 148 186 225 226 189 149 108 64 62 29 68 75 76 78 1 
Rota #4: 1 39 4 9 50 90 49 52 93 132 172 173 213 212 211 170 210 209 167 126 166 127 86 88 87 47 45 43 82 42 1 
Rota #5: 1 14 58 100 101 140 98 96 138 179 220 181 221 182 103 144 66 107 151 192 232 191 231 229 228 227 1 
Rota #6: 1 36 74 113 73 77 80 120 160 200 240 201 161 123 163 162 202 241 199 198 157 156 155 195 194 193 154 153 152 150 1 
Rota #7: 1 41 79 118 117 116 115 114 196 197 236 237 238 239 159 121 119 83 84 124 164 165 125 85 48 46 51 89 1 
Rota #8: 1 56 59 63 142 222 180 219 178 177 176 175 174 214 215 216 217 218 137 135 134 133 92 91 131 130 129 128 1 
Rota #9: 1 55 94 171 169 168 208 207 206 205 204 203 122 158 235 234 233 190 230 188 187 1 
Custo total: 8575.93

Solucao valida, todos clientes atendidos!
Custo total da solucao: 8575.93

Tempo decorrido: 25924 milisegundos 



Resultados Instancia Golden_1 em:
====================================================================
   RESULTADOS         Guloso Randomizado Alfa    0.1
====================================================================
ROTAS: 
Rota #1: 1 37 32 73 75 116 159 79 39 3 34 31 74 113 76 38 29 35 80 78 4 41 42 40 28 66 62 18 1 
Rota #2: 1 19 57 95 93 54 51 92 96 58 55 13 15 53 52 11 20 22 24 30 70 27 71 68 65 108 1 
Rota #3: 1 36 21 16 8 10 6 9 48 50 45 87 129 88 49 43 47 46 90 133 134 175 213 171 168 128 166 124 126 125 1 
Rota #4: 1 14 59 60 103 61 63 106 104 102 139 140 143 142 144 105 64 101 181 182 179 177 218 136 217 138 137 99 97 141 1 
Rota #5: 1 26 25 23 33 67 147 149 188 189 150 111 110 153 152 109 190 229 191 233 231 151 230 232 193 234 236 237 196 156 1 
Rota #6: 1 17 91 172 132 130 170 208 169 211 89 12 7 84 85 82 121 118 160 122 200 199 240 241 203 164 162 202 1 
Rota #7: 1 69 107 187 185 146 186 226 224 183 145 225 227 192 155 195 235 154 115 114 157 117 119 77 72 2 44 5 86 81 1 
Rota #8: 1 56 98 100 178 219 180 220 221 184 222 223 228 148 194 197 198 158 161 120 123 83 163 201 204 165 205 206 1 
Rota #9: 1 112 238 239 127 167 207 209 210 212 173 174 214 215 216 176 135 94 131 1 
Custo total: 11102.6

Solucao valida, todos clientes atendidos!
Custo total da solucao: 11102.6

Tempo decorrido: 25617 milisegundos 



Resultados Instancia Golden_1 em:
====================================================================
   RESULTADOS         Guloso Randomizado Alfa    0.15
====================================================================
ROTAS: 
Rota #1: 1 24 31 35 38 34 33 78 36 74 155 158 196 76 2 79 32 6 8 15 21 18 64 100 62 104 26 17 1 
Rota #2: 1 22 67 28 73 154 75 113 112 151 153 233 235 195 156 77 117 119 82 43 80 9 11 54 95 135 133 93 1 
Rota #3: 1 27 29 23 12 16 10 58 56 20 101 61 66 72 70 114 116 115 197 118 37 120 45 51 57 98 94 174 136 99 1 
Rota #4: 1 39 30 41 42 121 86 123 44 83 84 127 165 168 88 130 49 5 89 131 48 81 4 53 47 85 163 206 209 129 1 
Rota #5: 1 68 103 146 105 109 187 150 190 110 106 186 188 189 231 152 232 191 69 147 108 60 19 52 90 132 134 97 1 
Rota #6: 1 46 87 50 59 140 141 179 180 143 183 144 184 145 185 228 111 40 71 13 102 107 63 139 1 
Rota #7: 1 65 142 181 220 177 219 178 218 221 222 224 225 226 223 182 96 173 211 212 172 213 215 171 169 207 125 167 166 205 162 201 1 
Rota #8: 1 3 7 126 124 203 241 239 237 198 199 159 160 157 238 200 240 202 164 204 208 128 92 55 1 
Rota #9: 1 25 14 137 175 216 217 138 214 170 210 176 91 122 161 236 234 194 193 192 230 229 227 148 149 1 
Custo total: 12892.9

Solucao valida, todos clientes atendidos!
Custo total da solucao: 12892.9

Tempo decorrido: 25833 milisegundos 



Resultados Instancia Golden_1 em:
====================================================================
   RESULTADOS         Guloso Randomizado Alfa    0.3
====================================================================
ROTAS: 
Rota #1: 1 29 26 40 5 24 54 16 3 20 99 138 181 67 30 79 78 111 36 110 31 10 9 76 80 43 74 66 1 
Rota #2: 1 73 22 48 55 95 177 173 129 50 7 39 34 82 122 198 113 33 75 115 35 37 28 71 154 159 84 77 14 65 109 18 1 
Rota #3: 1 68 72 19 94 170 8 92 12 15 6 90 86 165 166 209 4 38 27 60 53 51 134 176 130 214 136 178 137 98 1 
Rota #4: 1 70 112 105 103 62 25 142 185 182 146 150 194 149 191 231 145 183 107 69 81 47 125 121 203 199 239 155 151 148 1 
Rota #5: 1 102 59 144 106 187 230 234 188 143 219 221 141 218 174 91 96 49 85 168 211 208 210 205 124 123 167 162 1 
Rota #6: 1 11 46 42 32 153 193 229 108 41 117 156 158 114 195 240 161 44 118 241 200 119 196 197 190 186 61 140 222 64 101 17 1 
Rota #7: 1 100 180 216 133 57 175 171 169 127 83 87 126 207 88 21 13 58 104 184 225 189 232 152 192 233 1 
Rota #8: 1 45 93 128 206 163 204 164 2 160 120 238 116 157 63 139 97 179 215 132 135 213 172 52 89 201 1 
Rota #9: 1 147 228 226 223 224 227 56 23 131 212 217 220 235 236 237 202 1 
Custo total: 18049.8

Solucao valida, todos clientes atendidos!
Custo total da solucao: 18049.8

Tempo decorrido: 25852 milisegundos 



Resultados Instancia Golden_1 em:
====================================================================
   RESULTADOS         Guloso Randomizado Alfa    0.5
====================================================================
ROTAS: 
Rota #1: 1 27 32 112 193 110 118 9 3 115 116 21 138 131 133 47 39 66 28 151 232 104 190 113 196 198 154 13 1 
Rota #2: 1 17 44 7 74 55 12 54 173 212 134 174 130 58 53 171 16 63 186 10 129 175 41 156 79 90 62 70 195 29 38 30 1 
Rota #3: 1 50 83 73 20 11 137 19 107 67 80 127 48 68 34 161 125 26 148 99 5 43 159 119 69 2 1 
Rota #4: 1 114 152 71 82 153 231 235 31 145 229 77 42 197 237 238 86 56 142 108 33 95 40 124 200 81 121 157 158 84 37 150 1 
Rota #5: 1 89 126 122 14 8 102 65 46 205 207 172 219 96 51 123 210 203 240 87 160 52 211 214 15 120 1 
Rota #6: 1 128 132 25 4 164 61 60 93 45 94 35 141 226 192 149 143 59 24 64 109 187 144 228 189 111 1 
Rota #7: 1 49 75 239 234 88 163 165 202 166 241 22 140 183 220 221 223 181 136 98 97 92 209 170 213 176 222 225 100 217 218 57 1 
Rota #8: 1 6 78 117 233 188 103 23 36 146 227 230 105 76 155 162 236 194 85 168 206 167 18 101 147 184 179 180 1 
Rota #9: 1 135 215 139 177 178 91 216 182 224 72 185 191 201 199 106 169 208 204 1 
Custo total: 23071.2

Solucao valida, todos clientes atendidos!
Custo total da solucao: 23071.2

Tempo decorrido: 25902 milisegundos 



Resultados Instancia Golden_1 em:
====================================================================
   RESULTADOS        Guloso Randomizado Reativo    
====================================================================
ROTAS: 
Rota #1: 1 17 20 18 15 9 4 6 2 40 37 77 75 72 33 31 25 22 26 66 68 65 64 61 19 24 28 23 14 13 1 
Rota #2: 1 32 34 41 5 3 7 48 50 91 90 89 88 49 12 10 11 16 53 93 92 134 175 135 176 177 138 136 1 
Rota #3: 1 35 30 29 70 27 71 69 110 112 113 153 193 192 191 189 228 229 188 190 231 233 235 234 194 195 197 158 159 198 157 154 1 
Rota #4: 1 76 36 78 117 115 73 111 109 108 67 105 106 103 142 143 183 224 225 186 185 184 145 147 146 149 187 107 1 
Rota #5: 1 8 39 43 45 84 124 85 125 86 87 128 127 168 169 130 131 170 209 208 206 165 126 167 129 210 212 213 173 174 1 
Rota #6: 1 21 59 60 62 102 63 100 140 139 179 180 221 222 182 181 220 141 104 101 58 55 57 56 54 51 47 46 1 
Rota #7: 1 38 79 80 81 44 42 83 121 120 118 119 160 200 201 241 240 239 199 238 237 236 156 116 155 114 1 
Rota #8: 1 52 95 96 98 99 137 97 94 133 132 172 171 211 214 215 216 217 218 219 178 144 223 226 227 148 1 
Rota #9: 1 74 152 151 150 230 232 196 161 122 123 163 164 204 205 166 207 203 202 162 82 1 
Custo total: 8615.69
Melhor alpha: 0.05

Solucao valida, todos clientes atendidos!
Custo total da solucao: 8615.69

Tempo decorrido: 78015 milisegundos 
