RELATORIO FINAL COM AS ROTA DO GULOSO, RANDOMIZADO E REATIVO COM O TEMPO DE COMPILAÇÃO: 
Resultados Instancia Golden_17 em:
====================================================================
   RESULTADOS         Guloso   
====================================================================
ROTAS: 
Rota #1: 1 22 3 15 24 75 63 82 27 28 87 142 1 
Rota #2: 1 23 4 30 35 90 64 83 32 33 92 143 1 
Rota #3: 1 46 6 39 48 99 66 106 51 52 111 166 1 
Rota #4: 1 47 7 54 59 114 67 107 56 57 116 167 1 
Rota #5: 1 14 2 55 16 115 62 74 19 20 79 134 1 
Rota #6: 1 31 5 38 43 98 65 91 40 41 100 151 1 
Rota #7: 1 25 84 135 123 202 147 88 29 9 89 148 1 
Rota #8: 1 36 95 150 124 203 152 93 34 94 153 212 213 154 1 
Rota #9: 1 49 108 159 126 226 171 112 53 12 113 172 1 
Rota #10: 1 60 119 174 127 234 179 120 61 18 77 136 235 1 
Rota #11: 1 17 76 175 122 194 139 80 21 8 81 140 1 
Rota #12: 1 44 103 158 125 211 160 101 42 10 102 161 1 
Rota #13: 1 58 117 176 227 187 239 180 121 13 78 137 1 
Rota #14: 1 26 85 144 195 183 204 145 86 68 141 200 1 
Rota #15: 1 37 96 155 210 184 215 156 97 70 162 221 1 
Rota #16: 1 50 109 168 219 186 228 169 110 11 105 164 1 
Rota #17: 1 45 104 163 218 185 220 223 224 165 71 170 1 
Rota #18: 1 118 177 236 237 178 72 173 232 231 132 233 1 
Rota #19: 1 182 196 197 138 73 181 240 241 133 1 
Rota #20: 1 69 149 208 207 129 209 214 189 205 1 
Rota #21: 1 199 128 206 201 188 146 198 193 238 1 
Rota #22: 1 157 216 217 130 222 190 225 131 230 1 
Rota #23: 1 229 191 192 1 
Custo total: 903.32

Solucao valida, todos clientes atendidos!
Custo total da solucao: 903.32

Tempo decorrido: 1 milisegundos 



Resultados Instancia Golden_17 em:
====================================================================
   RESULTADOS         Guloso Randomizado Alfa    0.05
====================================================================
ROTAS: 
Rota #1: 1 15 27 28 29 147 148 149 154 208 129 212 143 150 37 1 
Rota #2: 1 54 47 59 7 114 60 119 116 176 227 127 56 167 1 
Rota #3: 1 6 46 51 48 49 39 99 159 106 111 171 226 126 1 
Rota #4: 1 2 14 19 55 62 79 21 134 20 8 1 
Rota #5: 1 38 98 5 31 65 158 151 40 41 125 1 
Rota #6: 1 4 90 32 35 83 33 9 93 34 88 142 1 
Rota #7: 1 115 122 194 139 80 26 144 145 81 25 24 75 85 1 
Rota #8: 1 30 92 64 36 95 10 102 160 100 101 91 43 1 
Rota #9: 1 16 74 17 136 235 77 18 175 61 13 78 180 121 179 1 
Rota #10: 1 107 117 53 113 72 177 178 173 118 172 232 231 166 1 
Rota #11: 1 22 3 87 82 123 135 202 207 183 204 146 1 
Rota #12: 1 23 152 94 69 89 203 124 184 215 155 97 1 
Rota #13: 1 66 108 219 168 109 110 11 50 104 163 103 45 1 
Rota #14: 1 63 195 68 86 140 199 141 200 206 205 201 1 
Rota #15: 1 57 67 234 120 239 181 240 241 193 198 138 1 
Rota #16: 1 76 182 137 196 73 133 197 174 58 1 
Rota #17: 1 52 112 12 237 236 187 132 238 1 
Rota #18: 1 44 105 164 223 185 218 211 220 161 162 70 1 
Rota #19: 1 84 128 188 209 214 189 213 153 210 1 
Rota #20: 1 42 96 156 157 216 217 130 222 221 190 1 
Rota #21: 1 186 228 169 170 71 165 224 225 131 1 
Rota #22: 1 229 230 191 233 192 1 
Custo total: 997.626

Solucao valida, todos clientes atendidos!
Custo total da solucao: 997.626

Tempo decorrido: 25362 milisegundos 



Resultados Instancia Golden_17 em:
====================================================================
   RESULTADOS         Guloso Randomizado Alfa    0.1
====================================================================
ROTAS: 
Rota #1: 1 6 168 110 169 228 231 113 172 106 226 111 52 53 107 1 
Rota #2: 1 7 119 127 187 236 238 192 167 1 
Rota #3: 1 31 30 42 125 151 158 185 101 95 124 1 
Rota #4: 1 47 67 227 174 117 57 171 12 46 166 58 118 1 
Rota #5: 1 3 87 27 88 147 202 142 28 89 33 32 35 90 210 1 
Rota #6: 1 4 34 9 82 123 195 24 63 1 
Rota #7: 1 48 43 104 45 71 11 98 163 165 170 50 49 1 
Rota #8: 1 2 21 8 81 145 146 140 86 20 134 115 1 
Rota #9: 1 15 26 80 74 62 16 79 17 78 235 122 14 1 
Rota #10: 1 59 61 18 175 55 54 179 60 180 241 181 197 13 234 1 
Rota #11: 1 23 92 64 155 36 40 211 102 160 103 164 65 1 
Rota #12: 1 22 143 212 152 184 153 154 148 149 213 209 203 83 94 1 
Rota #13: 1 39 44 91 161 10 97 150 215 96 162 221 222 220 1 
Rota #14: 1 51 108 126 219 112 159 109 105 223 5 100 218 1 
Rota #15: 1 19 139 68 199 141 206 201 188 204 144 25 135 75 1 
Rota #16: 1 99 56 120 77 137 121 73 133 240 138 1 
Rota #17: 1 38 41 157 70 156 130 190 37 217 1 
Rota #18: 1 116 72 178 132 173 233 177 232 186 1 
Rota #19: 1 76 182 194 136 114 176 237 239 198 193 196 200 1 
Rota #20: 1 66 229 230 131 225 224 191 216 1 
Rota #21: 1 84 85 183 207 208 129 214 189 29 1 
Rota #22: 1 93 69 205 128 1 
Custo total: 1181.31

Solucao valida, todos clientes atendidos!
Custo total da solucao: 1181.31

Tempo decorrido: 25324 milisegundos 



Resultados Instancia Golden_17 em:
====================================================================
   RESULTADOS         Guloso Randomizado Alfa    0.15
====================================================================
ROTAS: 
Rota #1: 1 115 19 76 21 139 2 26 183 3 135 24 1 
Rota #2: 1 51 46 116 57 58 54 17 180 120 77 78 122 1 
Rota #3: 1 40 37 41 97 95 36 30 203 90 34 124 92 29 82 143 1 
Rota #4: 1 98 211 218 31 185 45 48 109 168 99 66 219 231 1 
Rota #5: 1 47 59 61 7 187 227 179 107 18 138 137 240 1 
Rota #6: 1 65 105 11 44 104 71 158 103 163 1 
Rota #7: 1 14 75 81 140 194 141 195 88 123 85 27 147 33 1 
Rota #8: 1 55 134 145 144 28 87 149 214 155 96 70 220 151 100 1 
Rota #9: 1 63 22 15 4 152 148 93 150 32 23 94 83 1 
Rota #10: 1 25 86 79 80 8 68 182 60 1 
Rota #11: 1 62 174 73 119 177 236 237 132 171 1 
Rota #12: 1 38 35 153 69 208 184 101 221 216 1 
Rota #13: 1 52 159 226 172 72 178 12 127 114 1 
Rota #14: 1 16 74 136 181 234 67 118 53 167 112 166 186 106 1 
Rota #15: 1 43 5 6 50 228 111 126 232 113 176 1 
Rota #16: 1 56 239 117 108 169 131 224 164 160 91 223 170 225 1 
Rota #17: 1 49 230 191 161 156 42 157 102 130 217 162 1 
Rota #18: 1 84 204 206 188 201 128 146 200 199 20 175 121 1 
Rota #19: 1 142 9 202 154 213 129 209 89 64 212 1 
Rota #20: 1 39 125 165 229 110 173 238 233 192 13 1 
Rota #21: 1 10 210 215 222 190 189 207 205 235 196 1 
Rota #22: 1 197 198 133 241 193 1 
Custo total: 1350.65

Solucao valida, todos clientes atendidos!
Custo total da solucao: 1350.65

Tempo decorrido: 25380 milisegundos 



Resultados Instancia Golden_17 em:
====================================================================
   RESULTADOS         Guloso Randomizado Alfa    0.3
====================================================================
ROTAS: 
Rota #1: 1 65 66 56 2 22 79 135 27 29 87 84 1 
Rota #2: 1 20 16 114 236 231 174 117 176 76 239 58 227 77 62 1 
Rota #3: 1 107 167 159 50 218 42 151 155 95 90 30 124 82 25 24 144 1 
Rota #4: 1 31 36 92 129 152 63 146 142 213 215 222 165 1 
Rota #5: 1 32 9 37 210 89 156 69 147 207 148 202 94 1 
Rota #6: 1 43 103 71 131 230 38 108 111 49 168 112 39 1 
Rota #7: 1 99 226 169 5 6 173 106 110 223 125 1 
Rota #8: 1 116 126 67 19 199 206 235 17 55 59 18 139 115 1 
Rota #9: 1 74 134 15 64 83 91 105 228 51 187 52 57 1 
Rota #10: 1 44 96 100 41 158 98 164 170 113 45 224 225 162 217 102 1 
Rota #11: 1 175 140 68 204 85 196 80 78 138 81 75 28 35 1 
Rota #12: 1 21 194 26 60 73 119 14 180 240 193 241 1 
Rota #13: 1 120 198 47 118 72 178 121 182 7 171 1 
Rota #14: 1 127 197 86 8 123 154 149 33 143 1 
Rota #15: 1 109 186 219 46 40 101 221 70 160 163 150 1 
Rota #16: 1 23 93 97 157 184 10 34 161 185 1 
Rota #17: 1 11 211 104 191 12 232 48 54 179 1 
Rota #18: 1 166 53 238 237 61 181 133 137 136 201 122 141 1 
Rota #19: 1 13 145 188 3 203 4 195 1 
Rota #20: 1 153 209 214 183 88 212 208 189 205 234 1 
Rota #21: 1 177 132 192 172 233 229 220 130 1 
Rota #22: 1 216 190 128 200 1 
Custo total: 1777.6

Solucao valida, todos clientes atendidos!
Custo total da solucao: 1777.6

Tempo decorrido: 25552 milisegundos 



Resultados Instancia Golden_17 em:
====================================================================
   RESULTADOS         Guloso Randomizado Alfa    0.5
====================================================================
ROTAS: 
Rota #1: 1 107 173 13 112 57 19 206 89 207 2 196 18 1 
Rota #2: 1 50 53 117 235 239 240 197 63 32 92 62 1 
Rota #3: 1 16 113 104 150 151 106 91 11 156 65 163 97 1 
Rota #4: 1 66 116 17 75 3 38 41 111 127 1 
Rota #5: 1 100 30 20 67 73 82 76 120 199 60 55 1 
Rota #6: 1 85 137 176 178 164 42 157 40 45 35 212 83 154 152 143 98 110 1 
Rota #7: 1 147 93 214 195 77 198 86 144 208 123 136 46 115 74 1 
Rota #8: 1 101 220 37 161 27 31 34 210 44 185 162 222 216 1 
Rota #9: 1 49 171 126 6 109 168 228 131 170 1 
Rota #10: 1 14 180 172 61 181 187 227 175 23 213 81 15 87 149 1 
Rota #11: 1 122 204 205 128 183 148 153 24 1 
Rota #12: 1 134 51 54 142 96 160 10 125 186 166 1 
Rota #13: 1 155 203 28 84 26 25 138 78 99 165 177 232 47 52 59 1 
Rota #14: 1 103 158 124 105 90 39 211 29 21 140 7 22 135 1 
Rota #15: 1 179 238 71 43 130 95 215 48 237 231 108 56 79 1 
Rota #16: 1 202 8 94 146 80 201 139 194 234 141 133 200 1 
Rota #17: 1 167 226 159 230 221 169 36 223 224 219 236 233 174 114 121 119 1 
Rota #18: 1 58 193 145 64 209 88 182 241 118 1 
Rota #19: 1 33 9 68 4 70 217 102 1 
Rota #20: 1 12 72 229 218 225 191 5 1 
Rota #21: 1 129 69 189 184 190 1 
Rota #22: 1 132 192 188 1 
Custo total: 2224.69

Solucao valida, todos clientes atendidos!
Custo total da solucao: 2224.69

Tempo decorrido: 25711 milisegundos 



Resultados Instancia Golden_17 em:
====================================================================
   RESULTADOS        Guloso Randomizado Reativo    
====================================================================
ROTAS: 
Rota #1: 1 39 48 108 50 110 71 224 230 131 225 170 219 159 1 
Rota #2: 1 22 63 123 147 148 149 153 9 94 1 
Rota #3: 1 15 84 135 26 86 80 139 21 134 76 77 175 16 122 74 1 
Rota #4: 1 3 142 88 29 89 69 207 208 129 1 
Rota #5: 1 55 115 18 60 120 179 180 121 239 240 13 138 78 1 
Rota #6: 1 23 30 36 42 151 91 98 103 104 158 45 11 105 164 1 
Rota #7: 1 31 38 44 43 100 5 41 40 125 218 220 211 1 
Rota #8: 1 14 19 2 235 182 196 194 62 79 20 1 
Rota #9: 1 54 56 47 67 116 107 57 117 58 112 53 52 106 1 
Rota #10: 1 6 51 111 166 46 99 109 66 186 226 1 
Rota #11: 1 27 24 75 25 195 204 205 68 81 8 144 87 1 
Rota #12: 1 7 119 114 127 187 176 167 234 61 59 174 1 
Rota #13: 1 35 4 32 83 33 92 93 203 152 143 34 64 1 
Rota #14: 1 82 183 28 202 154 212 184 124 150 95 1 
Rota #15: 1 65 163 160 185 101 10 102 97 96 1 
Rota #16: 1 17 137 73 181 197 198 133 241 136 199 141 1 
Rota #17: 1 90 155 156 215 216 217 130 222 221 162 70 1 
Rota #18: 1 49 168 169 228 229 191 223 165 126 171 231 1 
Rota #19: 1 37 210 157 161 190 213 214 209 189 145 146 1 
Rota #20: 1 85 140 200 201 128 206 188 193 1 
Rota #21: 1 12 113 172 173 72 178 237 236 177 118 227 1 
Rota #22: 1 232 233 132 238 192 1 
Custo total: 1001.32
Melhor alpha: 0.05

Solucao valida, todos clientes atendidos!
Custo total da solucao: 1001.32

Tempo decorrido: 76781 milisegundos 
