RELATORIO FINAL COM AS ROTA DO GULOSO, RANDOMIZADO E REATIVO COM O TEMPO DE COMPILAÇÃO: 
Resultados Instancia M-n151-k12 em:
====================================================================
   RESULTADOS         Guloso   
====================================================================
ROTAS: 
Rota #1: 1 54 106 27 150 110 13 139 29 112 133 70 2 102 71 1 
Rota #2: 1 28 147 53 128 32 89 149 63 11 109 91 127 64 33 1 
Rota #3: 1 113 90 148 7 95 96 118 98 93 60 100 105 97 1 
Rota #4: 1 59 41 22 74 73 75 134 23 76 57 140 40 1 
Rota #5: 1 14 138 88 145 58 116 3 146 42 16 44 143 43 101 38 99 1 
Rota #6: 1 77 117 78 4 80 130 79 35 121 10 104 72 137 36 1 
Rota #7: 1 19 61 119 6 85 18 114 17 142 45 120 1 
Rota #8: 1 51 103 34 82 52 123 31 21 129 132 67 66 1 
Rota #9: 1 107 8 83 49 125 48 37 144 50 20 124 1 
Rota #10: 1 94 86 92 62 87 141 39 15 84 115 9 1 
Rota #11: 1 81 151 69 122 30 25 135 55 131 56 26 5 111 24 1 
Rota #12: 1 126 46 47 108 12 65 136 68 1 
Custo total: 1353.27

Solucao valida, todos clientes atendidos!
Custo total da solucao: 1353.27

Tempo decorrido: 1 milisegundos 



Resultados Instancia M-n151-k12 em:
====================================================================
   RESULTADOS         Guloso Randomizado Alfa    0.05
====================================================================
ROTAS: 
Rota #1: 1 147 29 139 150 106 41 59 113 90 148 105 100 93 38 92 1 
Rota #2: 1 28 54 14 98 99 86 62 142 17 94 118 1 
Rota #3: 1 53 32 149 8 63 109 127 33 64 12 20 144 37 9 47 18 61 1 
Rota #4: 1 27 13 77 4 78 69 151 110 81 135 25 55 56 26 111 1 
Rota #5: 1 95 60 7 97 6 119 85 84 46 126 1 
Rota #6: 1 133 2 51 117 130 80 79 35 82 121 10 104 52 123 1 
Rota #7: 1 70 102 71 31 132 21 129 91 108 124 49 125 83 107 19 1 
Rota #8: 1 138 88 145 58 3 146 23 75 73 22 116 74 134 76 1 
Rota #9: 1 112 103 34 122 30 131 5 140 40 57 24 42 1 
Rota #10: 1 128 89 11 48 50 65 67 72 137 36 136 66 1 
Rota #11: 1 96 101 120 45 15 143 43 44 16 39 141 87 114 1 
Rota #12: 1 115 68 1 
Custo total: 1540.84

Solucao valida, todos clientes atendidos!
Custo total da solucao: 1540.84

Tempo decorrido: 10800 milisegundos 



Resultados Instancia M-n151-k12 em:
====================================================================
   RESULTADOS         Guloso Randomizado Alfa    0.1
====================================================================
ROTAS: 
Rota #1: 1 27 106 54 113 14 7 119 85 61 115 84 8 147 1 
Rota #2: 1 148 105 99 98 97 38 100 86 62 94 92 45 17 18 1 
Rota #3: 1 70 123 21 52 82 121 79 30 135 131 5 56 26 76 75 118 1 
Rota #4: 1 90 59 138 116 41 3 74 42 146 23 40 73 111 110 81 25 130 91 1 
Rota #5: 1 53 149 128 89 124 48 37 108 49 83 9 125 144 47 1 
Rota #6: 1 95 93 96 43 44 15 120 141 39 101 143 145 22 139 117 1 
Rota #7: 1 28 112 133 32 71 109 63 107 11 127 64 12 20 1 
Rota #8: 1 13 150 151 122 78 4 69 77 103 34 51 2 1 
Rota #9: 1 29 102 31 132 129 33 67 104 72 137 36 10 136 1 
Rota #10: 1 60 6 114 87 142 88 58 16 57 140 1 
Rota #11: 1 19 126 46 50 65 66 35 80 55 134 1 
Rota #12: 1 24 68 1 
Custo total: 1820

Solucao valida, todos clientes atendidos!
Custo total da solucao: 1820

Tempo decorrido: 10788 milisegundos 



Resultados Instancia M-n151-k12 em:
====================================================================
   RESULTADOS         Guloso Randomizado Alfa    0.15
====================================================================
ROTAS: 
Rota #1: 1 95 105 90 118 7 119 84 94 93 17 99 92 97 59 58 47 1 
Rota #2: 1 128 89 83 48 50 12 64 109 127 91 71 21 104 72 79 1 
Rota #3: 1 29 147 28 133 77 130 69 25 122 78 82 10 123 11 8 1 
Rota #4: 1 13 55 27 110 139 103 4 81 131 151 5 74 41 111 1 
Rota #5: 1 113 96 100 60 138 43 120 39 142 15 98 62 18 1 
Rota #6: 1 19 46 107 61 114 85 115 149 108 20 65 37 63 124 1 
Rota #7: 1 106 150 135 80 34 51 31 70 112 117 30 26 56 75 1 
Rota #8: 1 14 88 3 145 116 146 73 23 76 57 134 140 1 
Rota #9: 1 54 38 6 9 49 126 86 87 1 
Rota #10: 1 53 102 2 52 129 67 66 137 136 36 121 35 132 144 125 1 
Rota #11: 1 148 101 45 141 143 44 16 42 24 40 68 22 1 
Rota #12: 1 32 33 1 
Custo total: 2025.53

Solucao valida, todos clientes atendidos!
Custo total da solucao: 2025.53

Tempo decorrido: 11101 milisegundos 



Resultados Instancia M-n151-k12 em:
====================================================================
   RESULTADOS         Guloso Randomizado Alfa    0.3
====================================================================
ROTAS: 
Rota #1: 1 95 94 105 90 148 29 128 102 117 81 13 111 131 1 
Rota #2: 1 89 28 106 151 147 139 51 78 71 104 72 122 30 133 103 56 1 
Rota #3: 1 97 14 119 85 62 38 17 43 101 114 60 118 93 1 
Rota #4: 1 70 31 112 2 32 109 107 61 83 50 65 144 9 47 1 
Rota #5: 1 27 69 82 35 36 10 129 34 21 11 53 8 127 84 92 1 
Rota #6: 1 3 58 16 116 88 145 42 73 134 146 54 98 15 141 44 7 1 
Rota #7: 1 100 142 39 18 125 126 6 46 99 87 96 1 
Rota #8: 1 138 150 77 4 136 79 80 5 24 75 140 26 22 41 57 1 
Rota #9: 1 123 149 91 63 48 20 33 12 115 124 113 130 1 
Rota #10: 1 110 55 59 19 37 132 64 67 66 121 137 52 25 74 143 1 
Rota #11: 1 23 40 68 76 135 86 45 120 1 
Rota #12: 1 49 108 1 
Custo total: 2592.15

Solucao valida, todos clientes atendidos!
Custo total da solucao: 2592.15

Tempo decorrido: 11290 milisegundos 



Resultados Instancia M-n151-k12 em:
====================================================================
   RESULTADOS         Guloso Randomizado Alfa    0.5
====================================================================
ROTAS: 
Rota #1: 1 112 117 104 67 34 103 107 11 64 36 54 89 93 58 61 1 
Rota #2: 1 94 43 62 97 16 14 105 85 9 95 101 92 60 59 56 1 
Rota #3: 1 119 149 123 82 136 150 110 35 122 135 4 47 1 
Rota #4: 1 70 148 138 22 77 25 57 24 74 40 27 116 73 7 18 1 
Rota #5: 1 71 29 38 142 147 55 106 146 118 139 53 6 99 120 8 144 1 
Rota #6: 1 75 42 98 84 96 76 41 5 30 26 78 63 127 91 37 20 133 81 1 
Rota #7: 1 111 68 79 129 21 121 137 10 33 12 109 52 72 132 1 
Rota #8: 1 69 151 140 23 15 141 17 115 46 83 102 51 1 
Rota #9: 1 3 87 45 28 13 32 2 80 131 130 66 1 
Rota #10: 1 49 128 100 90 125 65 113 126 48 19 44 1 
Rota #11: 1 145 88 86 114 39 124 50 108 143 1 
Rota #12: 1 31 134 1 
Custo total: 3322.4

Solucao valida, todos clientes atendidos!
Custo total da solucao: 3322.4

Tempo decorrido: 10879 milisegundos 



Resultados Instancia M-n151-k12 em:
====================================================================
   RESULTADOS        Guloso Randomizado Reativo    
====================================================================
ROTAS: 
Rota #1: 1 28 53 89 32 102 128 70 2 71 109 33 64 12 63 127 47 92 1 
Rota #2: 1 113 54 59 106 29 27 150 41 138 88 145 58 1 
Rota #3: 1 148 90 95 118 96 60 97 100 99 101 120 17 85 1 
Rota #4: 1 7 61 6 84 19 83 9 126 18 114 87 62 38 93 105 1 
Rota #5: 1 14 3 146 134 23 42 75 76 24 140 26 56 5 111 22 1 
Rota #6: 1 112 139 13 151 69 78 117 81 110 135 131 25 130 1 
Rota #7: 1 133 51 34 103 77 4 80 82 121 10 52 79 1 
Rota #8: 1 98 94 119 86 45 142 15 143 43 1 
Rota #9: 1 107 8 49 125 48 37 144 50 20 124 108 65 1 
Rota #10: 1 147 149 11 91 132 129 21 31 123 104 72 137 36 136 35 30 122 1 
Rota #11: 1 116 74 73 57 40 68 55 16 44 39 141 46 115 1 
Rota #12: 1 67 66 1 
Custo total: 1556.71
Melhor alpha: 0.05

Solucao valida, todos clientes atendidos!
Custo total da solucao: 1556.71

Tempo decorrido: 10733 milisegundos 
