RELATORIO FINAL COM AS ROTA DO GULOSO, RANDOMIZADO E REATIVO COM O TEMPO DE COMPILAÇÃO: 
Resultados Instancia 	X-n280-k17	 em:
====================================================================
   RESULTADOS         Guloso   
====================================================================
ROTAS: 
Rota #1: 1 148 32 195 20 137 55 160 157 145 98 1 
Rota #2: 1 264 156 201 129 259 70 134 152 84 229 200 203 181 263 149 61 52 190 62 164 277 211 217 243 95 127 268 75 166 99 123 113 131 106 1 
Rota #3: 1 159 16 241 104 265 90 22 69 179 237 1 
Rota #4: 1 154 250 109 224 266 215 15 198 176 194 199 161 183 67 97 267 274 112 133 44 240 139 122 115 64 249 1 
Rota #5: 1 21 216 255 219 11 231 54 197 177 81 1 
Rota #6: 1 244 233 207 30 18 227 1 
Rota #7: 1 155 210 174 232 221 162 12 27 186 1 
Rota #8: 1 214 91 13 85 253 114 87 26 77 103 79 116 144 245 1 
Rota #9: 1 251 242 204 136 31 165 46 258 235 80 120 225 73 51 34 59 60 280 236 65 220 222 170 228 169 202 196 182 66 1 
Rota #10: 1 33 45 163 110 132 276 102 261 158 269 167 78 10 71 206 57 42 118 40 248 43 1 
Rota #11: 1 5 93 53 175 188 9 150 1 
Rota #12: 1 39 171 101 218 246 279 74 41 119 50 72 271 135 56 117 278 257 68 147 189 29 58 1 
Rota #13: 1 213 230 124 17 205 125 208 193 108 86 260 173 111 92 212 47 82 256 153 138 1 
Rota #14: 1 126 100 187 35 262 142 38 275 184 121 76 128 36 37 168 7 94 1 
Rota #15: 1 23 96 254 234 24 272 270 130 1 
Rota #16: 1 6 4 146 49 178 180 105 1 
Rota #17: 1 226 107 3 223 239 63 209 1 
Rota #18: 1 88 14 48 247 191 83 185 1 
Rota #19: 1 151 273 28 19 25 89 143 1 
Rota #20: 1 140 238 252 172 8 192 141 2 1 
Custo total: 44449.2

Solucao valida, todos clientes atendidos!
Custo total da solucao: 44449.2

Tempo decorrido: 9 milisegundos 



Resultados Instancia 	X-n280-k17	 em:
====================================================================
   RESULTADOS         Guloso Randomizado Alfa    0.05
====================================================================
ROTAS: 
Rota #1: 1 160 156 70 154 129 250 181 61 62 211 224 194 67 176 95 161 215 217 69 174 265 277 263 190 109 266 183 133 112 97 261 276 57 36 100 35 262 138 184 1 
Rota #2: 1 137 20 264 157 145 16 52 164 1 
Rota #3: 1 203 84 216 255 30 207 227 197 177 18 233 85 253 169 228 218 46 101 171 54 1 
Rota #4: 1 55 259 200 219 81 9 188 5 93 91 1 
Rota #5: 1 201 134 195 241 210 221 179 237 12 186 125 82 124 230 1 
Rota #6: 1 32 149 243 33 99 256 208 17 213 113 27 106 232 22 199 1 
Rota #7: 1 159 127 45 132 102 269 110 166 131 75 274 139 240 10 58 249 29 96 147 257 68 56 50 1 
Rota #8: 1 104 155 268 44 78 64 189 278 117 119 80 72 120 51 60 41 34 65 59 280 73 225 236 74 170 220 279 196 79 103 77 87 26 150 214 231 1 
Rota #9: 1 148 229 244 152 21 11 198 1 
Rota #10: 1 242 15 136 31 39 122 115 135 23 254 234 248 1 
Rota #11: 1 90 123 158 167 71 118 43 206 128 76 121 142 275 168 28 151 272 24 270 191 48 83 63 239 223 238 1 
Rota #12: 1 251 53 204 165 271 258 222 66 6 245 116 144 202 246 114 182 175 267 163 126 187 260 193 1 
Rota #13: 1 13 4 235 226 146 1 
Rota #14: 1 162 205 108 86 173 111 92 212 47 153 42 40 37 38 273 19 130 247 209 88 107 178 49 180 1 
Rota #15: 1 98 94 7 25 89 143 141 192 172 1 
Rota #16: 1 105 3 140 252 8 185 1 
Rota #17: 1 14 2 1 
Custo total: 50567

Solucao valida, todos clientes atendidos!
Custo total da solucao: 50567

Tempo decorrido: 46191 milisegundos 



Resultados Instancia 	X-n280-k17	 em:
====================================================================
   RESULTADOS         Guloso Randomizado Alfa    0.1
====================================================================
ROTAS: 
Rota #1: 1 32 70 201 156 61 55 241 20 195 52 277 250 181 217 149 95 190 263 152 244 81 93 54 197 91 1 
Rota #2: 1 62 127 176 199 215 198 97 183 167 267 158 240 29 68 147 278 88 185 141 191 19 28 94 118 206 1 
Rota #3: 1 137 145 90 33 113 162 27 221 123 205 213 82 256 193 125 186 179 265 104 154 259 159 148 210 69 224 229 84 109 155 1 
Rota #4: 1 216 21 231 200 177 214 30 18 1 
Rota #5: 1 243 22 131 12 124 47 173 1 
Rota #6: 1 160 203 11 227 9 175 188 85 233 26 169 222 34 1 
Rota #7: 1 194 15 274 39 165 251 161 133 261 45 102 276 138 187 142 35 121 128 275 168 184 76 262 86 111 92 212 100 163 268 230 1 
Rota #8: 1 207 134 219 253 13 87 114 246 202 79 150 204 136 53 258 135 235 225 73 1 
Rota #9: 1 264 211 174 237 132 153 99 208 108 126 248 234 254 209 107 117 119 56 271 226 50 80 105 146 120 72 51 236 60 220 46 115 1 
Rota #10: 1 232 75 166 112 242 139 78 57 36 43 37 40 38 7 42 96 257 1 
Rota #11: 1 98 157 129 16 164 106 17 260 110 67 1 
Rota #12: 1 255 101 171 31 122 64 23 14 63 238 1 
Rota #13: 1 269 10 71 249 44 58 189 48 247 272 270 25 83 192 1 
Rota #14: 1 218 5 170 228 279 41 74 65 280 59 49 178 180 140 252 172 223 239 143 130 151 1 
Rota #15: 1 266 196 182 66 6 4 144 1 
Rota #16: 1 77 103 116 245 3 8 89 273 1 
Rota #17: 1 24 2 1 
Custo total: 58755.7

Solucao valida, todos clientes atendidos!
Custo total da solucao: 58755.7

Tempo decorrido: 45664 milisegundos 



Resultados Instancia 	X-n280-k17	 em:
====================================================================
   RESULTADOS         Guloso Randomizado Alfa    0.15
====================================================================
ROTAS: 
Rota #1: 1 55 145 109 95 194 267 127 113 102 138 43 276 128 110 132 187 234 88 238 257 119 50 120 72 135 73 117 271 34 228 182 59 180 239 209 58 240 40 37 28 275 118 1 
Rota #2: 1 277 52 215 61 190 149 198 204 18 216 219 13 1 
Rota #3: 1 259 233 54 197 231 171 242 5 81 255 214 84 152 207 200 244 243 161 1 
Rota #4: 1 21 150 26 4 1 
Rota #5: 1 98 195 217 104 264 266 250 137 159 20 62 181 211 241 90 164 232 123 230 106 124 108 260 76 262 168 1 
Rota #6: 1 199 99 45 131 12 75 22 265 176 1 
Rota #7: 1 157 203 156 251 165 222 53 175 218 41 51 226 56 49 178 3 185 83 191 107 80 122 133 1 
Rota #8: 1 201 129 148 179 125 100 57 121 126 38 24 273 189 248 153 184 206 63 1 
Rota #9: 1 210 155 213 186 33 256 261 42 10 96 147 94 272 254 68 64 112 136 274 139 39 1 
Rota #10: 1 16 69 174 268 237 82 205 162 47 111 173 36 142 163 35 193 1 
Rota #11: 1 177 91 93 114 9 253 87 202 170 46 115 97 78 29 278 105 225 65 279 101 169 1 
Rota #12: 1 15 44 67 31 249 247 14 223 48 141 140 192 130 1 
Rota #13: 1 70 154 183 158 23 258 220 74 66 116 144 103 79 77 245 188 85 246 229 160 1 
Rota #14: 1 32 221 27 17 208 212 92 71 151 270 19 143 89 146 1 
Rota #15: 1 134 263 224 166 269 86 7 25 1 
Rota #16: 1 30 227 11 196 6 60 280 236 235 252 1 
Rota #17: 1 167 2 172 8 1 
Custo total: 65163.7

Solucao valida, todos clientes atendidos!
Custo total da solucao: 65163.7

Tempo decorrido: 58065 milisegundos 



Resultados Instancia 	X-n280-k17	 em:
====================================================================
   RESULTADOS         Guloso Randomizado Alfa    0.3
====================================================================
ROTAS: 
Rota #1: 1 203 204 227 244 251 167 165 139 56 185 143 248 88 63 7 94 1 
Rota #2: 1 174 263 224 201 181 229 9 220 180 25 89 249 118 262 275 35 268 261 138 1 
Rota #3: 1 161 10 68 64 96 239 257 120 278 209 270 48 147 105 80 43 44 256 163 193 76 187 237 155 1 
Rota #4: 1 198 183 71 247 38 99 277 264 265 69 211 97 93 170 280 235 146 140 23 191 223 1 
Rota #5: 1 194 39 58 110 27 75 123 86 47 164 45 166 242 101 222 41 29 184 19 178 189 226 218 197 122 57 127 269 128 40 1 
Rota #6: 1 157 145 243 112 15 176 276 158 149 259 70 91 144 79 46 246 51 74 196 231 253 84 175 26 66 1 
Rota #7: 1 250 61 217 266 31 267 78 135 271 117 49 119 60 65 3 236 107 136 102 230 1 
Rota #8: 1 154 54 215 190 20 90 162 62 134 11 219 216 233 87 202 73 1 
Rota #9: 1 129 95 133 132 274 5 116 30 214 199 67 240 121 273 151 42 100 1 
Rota #10: 1 179 52 160 255 188 258 59 8 192 72 14 168 206 126 50 1 
Rota #11: 1 207 177 18 150 200 159 210 125 213 260 111 173 36 113 131 109 98 1 
Rota #12: 1 33 208 22 32 16 221 104 156 81 53 1 
Rota #13: 1 137 21 195 241 108 153 124 186 106 82 28 130 37 142 115 254 83 238 1 
Rota #14: 1 171 279 228 114 245 103 4 34 225 172 252 272 141 234 92 212 1 
Rota #15: 1 152 13 85 182 77 169 6 232 1 
Rota #16: 1 148 55 12 17 205 1 
Rota #17: 1 24 2 1 
Custo total: 83283

Solucao valida, todos clientes atendidos!
Custo total da solucao: 83283

Tempo decorrido: 151479 milisegundos 



Resultados Instancia 	X-n280-k17	 em:
====================================================================
   RESULTADOS         Guloso Randomizado Alfa    0.5
====================================================================
ROTAS: 
Rota #1: 1 159 200 190 82 151 119 188 53 9 80 94 141 63 184 139 218 198 57 56 234 135 117 206 199 217 259 1 
Rota #2: 1 221 106 274 71 102 110 44 204 158 22 153 273 275 75 118 249 130 132 183 242 177 150 51 278 29 168 68 40 1 
Rota #3: 1 129 203 104 211 215 11 258 50 279 49 209 225 238 112 97 232 113 277 267 269 128 173 90 263 122 194 1 
Rota #4: 1 149 207 197 244 170 26 134 18 250 78 240 67 42 125 213 86 99 187 131 62 124 69 27 208 237 1 
Rota #5: 1 30 228 34 222 74 245 54 231 202 15 229 165 214 216 179 52 227 255 264 103 61 114 160 157 1 
Rota #6: 1 127 266 95 136 243 241 175 60 257 73 146 19 107 272 261 205 154 98 145 253 220 280 133 235 236 48 43 230 1 
Rota #7: 1 166 161 55 108 162 163 12 152 164 137 123 84 1 
Rota #8: 1 81 196 91 115 147 254 239 140 64 189 262 260 7 100 174 186 138 83 1 
Rota #9: 1 181 167 193 31 169 233 4 87 72 41 93 109 121 226 28 92 155 45 1 
Rota #10: 1 144 178 143 89 270 37 126 142 252 191 65 23 248 46 251 271 36 35 256 1 
Rota #11: 1 246 6 172 88 14 59 77 171 66 180 192 265 1 
Rota #12: 1 148 20 17 111 212 58 38 210 276 76 268 1 
Rota #13: 1 201 70 85 116 101 182 223 120 24 247 33 195 176 224 39 219 79 96 105 156 1 
Rota #14: 1 16 5 32 1 
Rota #15: 1 13 8 185 25 1 
Rota #16: 1 21 10 47 1 
Rota #17: 1 3 2 1 
Custo total: 104728

Solucao valida, todos clientes atendidos!
Custo total da solucao: 104728

Tempo decorrido: 41554 milisegundos 



Resultados Instancia 	X-n280-k17	 em:
====================================================================
   RESULTADOS        Guloso Randomizado Reativo    
====================================================================
ROTAS: 
Rota #1: 1 160 55 157 154 98 20 52 250 62 61 109 243 194 199 15 198 197 1 
Rota #2: 1 264 181 201 148 195 70 134 219 11 229 231 54 207 93 53 171 136 242 183 161 95 268 33 131 155 27 1 
Rota #3: 1 16 159 277 241 217 211 190 104 164 265 149 84 129 203 156 263 90 166 99 75 1 
Rota #4: 1 255 216 30 13 18 81 251 215 67 97 122 1 
Rota #5: 1 259 152 233 177 175 218 170 101 222 279 228 65 59 34 236 41 80 119 56 72 235 135 271 117 257 226 50 68 278 105 107 178 223 63 48 130 1 
Rota #6: 1 21 150 114 87 26 79 245 182 116 77 246 85 214 227 91 103 144 202 66 1 
Rota #7: 1 32 22 127 69 210 221 162 106 123 186 205 125 108 193 260 100 187 142 38 128 76 262 35 184 275 118 1 
Rota #8: 1 137 266 204 165 139 44 267 133 240 78 206 42 71 43 254 96 147 58 189 88 209 185 83 143 25 270 1 
Rota #9: 1 145 174 237 113 179 12 230 124 213 208 256 163 132 102 1 
Rota #10: 1 224 176 39 31 46 120 73 51 280 146 225 49 140 3 238 252 239 191 247 1 
Rota #11: 1 232 17 47 92 173 86 111 82 212 138 36 126 110 45 269 261 158 276 57 153 121 37 168 1 
Rota #12: 1 244 5 188 9 253 169 1 
Rota #13: 1 200 274 112 167 10 234 40 248 94 272 19 273 28 1 
Rota #14: 1 196 6 4 74 220 180 1 
Rota #15: 1 258 115 64 249 23 29 14 141 192 1 
Rota #16: 1 7 151 24 60 1 
Rota #17: 1 8 172 2 89 1 
Custo total: 52029.4
Melhor alpha: 0.05

Solucao valida, todos clientes atendidos!
Custo total da solucao: 52029.4

Tempo decorrido: 41212 milisegundos 
